124159277565
90661903601
5283368213
17984054409
84389415401
194496573235
34208044277
32809374419
60571941088
66116356110
57100734532
200353642864
190504134794
98404230484
131202033316
20752457222
167571813828
28984745090
72086449404
133011454377
169226336198
14452789302
126632379753
16872567218
20379892387
648059085
69261668822
192574274357
103426616206
130455758302
85871637895
128395132353
35289702144
89026291801
44365721734
154313692064
77896323414
117348937460
185573097687
190504134794
59107814167
103183045209
33140050845
121911162132
150238929556
169695507780
104167095406
148790473977
70880771585
193439528204
74365921312
114532893462
163789187537
87978166050
109492792854
77896323414
72086449404
44203219211
83617762488
183463203266
166591037584
190504134794
81487553390
121096419314
55085433256
147779813821
161150196928
66116356110
155853416396
165045500467
145192247965
179223438017
90661903601
100569398060
114532893462
152953952794
150822825170
89954951638
4410947832
101384716781
87869739279
27086401642
121911162132
41180355649
17711246599
4410947832
84668013967
179223438017
157966882726
135150043357
23400526671
173611291995
9546815536
143077382641
106221570521
51108714922
51108714922
118946046898
89286922467
115975750654
144388057254
194496573235
129075825934
63668844192
58202946365
59362221775
196992100072
10677153447
8470358362
77896323414
34457189684
182556485965
100050141299
20752457222
152008983607
108194265594
85900154940
152008983607
60571941088
163789187537
70880771585
55085433256
76637674554
161756475204
190624616338
133011454377
144388057254
148171022565
17711246599
135150043357
172640152057
199333947674
81487553390
33820476202
37466092756
157966882726
82903209201
144388057254
23400526671
91281855343
19199636231
45591590104
154834191814
97076401909
183463203266
26292182379
184479026025
10011072466
119140112026
55085433256
198617830424
106809830082
125755757714
44203219211
142817901433
165045500467
165979247225
140647835884
94911293015
49532085241
66419476388
19732472349
95678959442
94911293015
29781677892
32095550907
15902623819
142937778052
50634829208
20072688287
108900763705
84315145832
115276195477
21525124837
25053446582
195569939480
118946046898
184774697318
149177985548
10677153447
119652161517
127771795056
648059085
107641088837
157966882726
23819352616
157966882726
118946046898
188746239199
150238929556
8200654337
94911293015
94911293015
80691152141
199282561498
152953952794
101195363205
108194265594
192219432384
35811435763
13275556985
45591590104
114532893462
174801620836
112152032862